1581.3710718745594
1513.2997881119397
1421.380928028754
1379.4421270805678
1379.4421270805678
1379.4421270805678
1379.4421270805678
1379.4421270805678
1379.4421270805678
1356.3511048266976
1356.3511048266976
1356.3511048266976
1356.3511048266976
1356.3511048266976
1356.3511048266976
1356.3511048266976
1356.3511048266976
1356.3511048266976
1356.3511048266976
1356.3511048266976
1356.3511048266976
1356.3511048266976
1355.1801352210146
1355.1801352210146
1341.040878121701
1341.040878121701
1341.040878121701
1341.040878121701
1341.040878121701
1341.040878121701
1341.040878121701
1341.040878121701
1341.040878121701
1341.040878121701
1341.040878121701
1341.040878121701
1341.040878121701
1341.040878121701
1341.040878121701
1341.040878121701
1327.211207056115
1327.211207056115
1327.211207056115
1327.211207056115
1327.211207056115
1327.211207056115
1327.211207056115
1327.211207056115
1327.211207056115
1316.3621614218237
1316.3621614218237
1316.3621614218237
1316.3621614218237
1316.3621614218237
1316.3621614218237
1316.3621614218237
1316.3621614218237
1316.3621614218237
1316.3621614218237
1316.3621614218237
1316.3621614218237
1316.3621614218237
1316.3621614218237
1316.3621614218237
1316.3621614218237
1316.3621614218237
1316.3621614218237
1316.3621614218237
1316.3621614218237
1316.3621614218237
1316.3621614218237
1316.3621614218237
1316.3621614218237
1316.3621614218237
1316.3621614218237
1316.3621614218237
1316.3621614218237
1316.3621614218237
1316.3621614218237
1316.3621614218237
1316.3621614218237
1314.6661139966702
1314.6661139966702
1314.6661139966702
1314.6661139966702
1314.6661139966702
1314.6661139966702
1314.6661139966702
1314.6661139966702
1314.6661139966702
1314.6661139966702
1314.6661139966702
1314.6661139966702
1314.6661139966702
1314.6661139966702
1314.6661139966702
1314.6661139966702
1314.6661139966702
1314.6661139966702
1314.6661139966702
1314.6661139966702
1314.6661139966702
1314.6661139966702
1314.6661139966702
1314.6661139966702
1314.6661139966702
1314.6661139966702
1314.6661139966702
1314.6661139966702
1314.6661139966702
1314.6661139966702
1314.6661139966702
1314.6661139966702
1314.6661139966702
1314.6661139966702
1314.6661139966702
1314.6661139966702
1314.6661139966702
1314.6661139966702
1314.6661139966702
1314.6661139966702
1314.6661139966702
1314.6661139966702
1314.6661139966702
1314.6661139966702
1314.6661139966702
1314.6661139966702
1314.6661139966702
1314.6661139966702
1314.6661139966702
1314.6661139966702
1314.6661139966702
1314.6661139966702
1314.6661139966702
1314.6661139966702
1314.6661139966702
1314.6661139966702
1314.6661139966702
1314.6661139966702
1314.6661139966702
1314.6661139966702
1314.6661139966702
1314.6661139966702
1314.6661139966702
1314.6661139966702
1314.6661139966702
1314.6661139966702
1314.6661139966702
1314.6661139966702
1314.6661139966702
1314.6661139966702
1314.6661139966702
1314.6661139966702
1314.6661139966702
1314.6661139966702
1314.6661139966702
1314.6661139966702
1314.6661139966702
1314.6661139966702
1314.6661139966702
1314.6661139966702
1314.6661139966702
1314.6661139966702
1314.6661139966702
1314.6661139966702
1314.6661139966702
1314.6661139966702
1314.6661139966702
1314.6661139966702
1314.6661139966702
1314.6661139966702
1314.6661139966702
1314.6661139966702
1307.7500760583705
1307.7500760583705
1307.7500760583705
1307.7500760583705
1307.7500760583705
1307.7500760583705
1307.7500760583705
1307.7500760583705
1307.7500760583705
1307.7500760583705
1307.7500760583705
1307.7500760583705
1307.7500760583705
1307.7500760583705
1307.7500760583705
1307.7500760583705
1307.7500760583705
1307.7500760583705
1307.7500760583705
1307.7500760583705
1307.7500760583705
1307.7500760583705
1307.7500760583705
1307.7500760583705
1307.7500760583705
1307.7500760583705
1307.7500760583705
1307.7500760583705
1307.7500760583705
1307.7500760583705
1307.7500760583705
1307.7500760583705
1307.7500760583705
1307.7500760583705
1307.7500760583705
1307.7500760583705
1307.7500760583705
1307.7500760583705
1307.7500760583705
1307.7500760583705
1307.7500760583705
1307.7500760583705
1307.7500760583705
1307.7500760583705
1307.7500760583705
1307.7500760583705
1307.7500760583705
1307.7500760583705
1307.7500760583705
1307.7500760583705
1307.7500760583705
1307.7500760583705
1307.7500760583705
1307.7500760583705
1307.7500760583705
1307.7500760583705
1307.7500760583705
1307.7500760583705
1307.7500760583705
1307.7500760583705
1307.7500760583705
1307.7500760583705
1307.7500760583705
1307.7500760583705
1307.7500760583705
1307.7500760583705
1307.7500760583705
1307.7500760583705
1307.7500760583705
1307.7500760583705
1307.7500760583705
1307.7500760583705
1307.7500760583705
1307.7500760583705
1307.7500760583705
1307.7500760583705
1307.7500760583705
1307.7500760583705
1307.7500760583705
1307.7500760583705
1307.7500760583705
1307.7500760583705
1307.7500760583705
1307.7500760583705
1307.7500760583705
1307.7500760583705
1307.7500760583705
1307.7500760583705
1307.7500760583705
1307.7500760583705
1307.7500760583705
1307.7500760583705
1307.7500760583705
1307.7500760583705
1307.7500760583705
1307.7500760583705
1307.7500760583705
1307.7500760583705
1307.7500760583705
1307.7500760583705
1307.7500760583705
1307.7500760583705
1307.7500760583705
1307.7500760583705
1307.7500760583705
1307.7500760583705
1307.7500760583705
1307.7500760583705
1307.7500760583705
1307.7500760583705
1307.7500760583705
1307.7500760583705
1307.7500760583705
1307.7500760583705
1307.7500760583705
1307.7500760583705
1307.7500760583705
1307.7500760583705
1307.7500760583705
1307.7500760583705
1307.7500760583705
1307.7500760583705
1307.7500760583705
1307.7500760583705
1307.7500760583705
1307.7500760583705
1307.7500760583705
1307.7500760583705
opt: 1028