1191.0450612362738
1083.392060636976
1051.6522544418892
1025.1671887169168
1025.1671887169168
1025.1671887169168
1025.1671887169168
1016.816718236857
1016.816718236857
1016.816718236857
1016.816718236857
1016.816718236857
995.8389761156997
995.8389761156997
995.8389761156997
995.8389761156997
995.8389761156997
995.8389761156997
995.8389761156997
995.8389761156997
995.8389761156997
995.8389761156997
995.8389761156997
995.8389761156997
995.8389761156997
995.8389761156997
995.8389761156997
995.8389761156997
995.8389761156997
995.8389761156997
995.8389761156997
995.8389761156997
995.8389761156997
995.8389761156997
995.8389761156997
995.8389761156997
995.8389761156997
995.8389761156997
995.8389761156997
995.8389761156997
995.8389761156997
995.6093909727471
995.6093909727471
995.6093909727471
995.6093909727471
995.6093909727471
995.6093909727471
995.6093909727471
995.6093909727471
995.6093909727471
995.6093909727471
995.6093909727471
995.6093909727471
995.6093909727471
995.6093909727471
995.6093909727471
995.6093909727471
988.5613326813286
988.5613326813286
988.5613326813286
954.1265705510673
954.1265705510673
954.1265705510673
954.1265705510673
954.1265705510673
954.1265705510673
954.1265705510673
954.1265705510673
954.1265705510673
954.1265705510673
954.1265705510673
954.1265705510673
954.1265705510673
954.1265705510673
954.1265705510673
954.1265705510673
954.1265705510673
954.1265705510673
954.1265705510673
954.1265705510673
954.1265705510673
954.1265705510673
954.1265705510673
954.1265705510673
954.1265705510673
954.1265705510673
954.1265705510673
954.1265705510673
954.1265705510673
954.1265705510673
954.1265705510673
954.1265705510673
954.1265705510673
954.1265705510673
954.1265705510673
954.1265705510673
954.1265705510673
954.1265705510673
954.1265705510673
954.1265705510673
954.1265705510673
954.1265705510673
954.1265705510673
954.1265705510673
954.1265705510673
954.1265705510673
954.1265705510673
954.1265705510673
954.1265705510673
954.1265705510673
954.1265705510673
954.1265705510673
954.1265705510673
954.1265705510673
954.1265705510673
954.1265705510673
954.1265705510673
954.1265705510673
954.1265705510673
954.1265705510673
954.1265705510673
954.1265705510673
954.1265705510673
954.1265705510673
954.1265705510673
954.1265705510673
954.1265705510673
954.1265705510673
954.1265705510673
954.1265705510673
954.1265705510673
954.1265705510673
954.1265705510673
954.1265705510673
954.1265705510673
954.1265705510673
954.1265705510673
954.1265705510673
954.1265705510673
954.1265705510673
954.1265705510673
954.1265705510673
954.1265705510673
954.1265705510673
954.1265705510673
954.1265705510673
954.1265705510673
954.1265705510673
954.1265705510673
954.1265705510673
954.1265705510673
954.1265705510673
954.1265705510673
954.1265705510673
954.1265705510673
954.1265705510673
954.1265705510673
954.1265705510673
954.1265705510673
954.1265705510673
954.1265705510673
954.1265705510673
954.1265705510673
954.1265705510673
954.1265705510673
954.1265705510673
954.1265705510673
954.1265705510673
954.1265705510673
954.1265705510673
954.1265705510673
954.1265705510673
954.1265705510673
954.1265705510673
954.1265705510673
954.1265705510673
954.1265705510673
954.1265705510673
954.1265705510673
954.1265705510673
954.1265705510673
954.1265705510673
954.1265705510673
954.1265705510673
954.1265705510673
954.1265705510673
954.1265705510673
954.1265705510673
954.1265705510673
954.1265705510673
954.1265705510673
954.1265705510673
954.1265705510673
954.1265705510673
954.1265705510673
954.1265705510673
954.1265705510673
954.1265705510673
954.1265705510673
954.1265705510673
954.1265705510673
954.1265705510673
954.1265705510673
954.1265705510673
954.1265705510673
954.1265705510673
954.1265705510673
954.1265705510673
954.1265705510673
954.1265705510673
954.1265705510673
954.1265705510673
954.1265705510673
954.1265705510673
954.1265705510673
954.1265705510673
954.1265705510673
954.1265705510673
954.1265705510673
954.1265705510673
954.1265705510673
954.1265705510673
954.1265705510673
954.1265705510673
954.1265705510673
954.1265705510673
954.1265705510673
954.1265705510673
954.1265705510673
954.1265705510673
954.1265705510673
954.1265705510673
954.1265705510673
954.1265705510673
954.1265705510673
954.1265705510673
954.1265705510673
954.1265705510673
954.1265705510673
954.1265705510673
954.1265705510673
954.1265705510673
954.1265705510673
954.1265705510673
954.1265705510673
954.1265705510673
954.1265705510673
954.1265705510673
954.1265705510673
954.1265705510673
954.1265705510673
954.1265705510673
954.1265705510673
954.1265705510673
954.1265705510673
954.1265705510673
954.1265705510673
954.1265705510673
954.1265705510673
954.1265705510673
954.1265705510673
954.1265705510673
954.1265705510673
954.1265705510673
954.1265705510673
954.1265705510673
954.1265705510673
954.1265705510673
954.1265705510673
954.1265705510673
954.1265705510673
954.1265705510673
954.1265705510673
954.1265705510673
954.1265705510673
954.1265705510673
954.1265705510673
954.1265705510673
954.1265705510673
954.1265705510673
954.1265705510673
954.1265705510673
954.1265705510673
954.1265705510673
954.1265705510673
954.1265705510673
954.1265705510673
954.1265705510673
954.1265705510673
954.1265705510673
954.1265705510673
954.1265705510673
954.1265705510673
954.1265705510673
954.1265705510673
954.1265705510673
954.1265705510673
954.1265705510673
954.1265705510673
954.1265705510673
954.1265705510673
opt: 835