747.7097967230691
635.5480925133703
635.5480925133703
635.5480925133703
635.5480925133703
634.0715516723861
634.0715516723861
634.0715516723861
634.0715516723861
619.5474852628174
619.5474852628174
619.5474852628174
614.5264304122575
614.5264304122575
614.5264304122575
614.5264304122575
614.5264304122575
614.5264304122575
614.5264304122575
614.5264304122575
614.5264304122575
614.5264304122575
614.5264304122575
614.5264304122575
614.5264304122575
614.5264304122575
614.5264304122575
614.5264304122575
614.5264304122575
614.5264304122575
614.5264304122575
614.5264304122575
614.5264304122575
614.5264304122575
614.5264304122575
614.5264304122575
614.5264304122575
614.5264304122575
614.5264304122575
614.5264304122575
614.5264304122575
614.5264304122575
614.5264304122575
614.5264304122575
614.5264304122575
614.5264304122575
614.5264304122575
614.5264304122575
614.5264304122575
614.5264304122575
614.5264304122575
614.5264304122575
614.5264304122575
614.5264304122575
614.5264304122575
614.5264304122575
614.5264304122575
614.5264304122575
614.5264304122575
614.5264304122575
614.5264304122575
614.5264304122575
614.5264304122575
614.5264304122575
614.5264304122575
614.5264304122575
614.5264304122575
614.5264304122575
614.5264304122575
614.5264304122575
614.5264304122575
614.5264304122575
614.5264304122575
614.5264304122575
614.5264304122575
614.5264304122575
614.5264304122575
614.5264304122575
614.5264304122575
614.5264304122575
614.5264304122575
614.5264304122575
614.5264304122575
614.5264304122575
614.5264304122575
614.5264304122575
614.5264304122575
614.5264304122575
614.5264304122575
614.5264304122575
614.5264304122575
614.5264304122575
614.5264304122575
614.5264304122575
614.5264304122575
614.5264304122575
614.5264304122575
614.5264304122575
614.5264304122575
614.5264304122575
614.5264304122575
614.5264304122575
614.5264304122575
614.5264304122575
614.5264304122575
614.5264304122575
614.5264304122575
614.5264304122575
614.5264304122575
614.5264304122575
614.5264304122575
614.5264304122575
614.5264304122575
614.5264304122575
614.5264304122575
614.5264304122575
614.5264304122575
614.5264304122575
614.5264304122575
614.5264304122575
614.5264304122575
614.5264304122575
614.5264304122575
614.5264304122575
614.5264304122575
614.5264304122575
614.5264304122575
614.5264304122575
614.5264304122575
614.5264304122575
614.5264304122575
614.5264304122575
614.5264304122575
614.5264304122575
614.5264304122575
614.5264304122575
614.5264304122575
614.5264304122575
614.5264304122575
614.5264304122575
614.5264304122575
614.5264304122575
614.5264304122575
614.5264304122575
614.5264304122575
614.5264304122575
614.5264304122575
614.5264304122575
614.5264304122575
614.5264304122575
614.5264304122575
614.5264304122575
614.5264304122575
614.5264304122575
614.5264304122575
614.5264304122575
614.5264304122575
614.5264304122575
614.5264304122575
614.5264304122575
614.5264304122575
614.5264304122575
614.5264304122575
614.5264304122575
614.5264304122575
614.5264304122575
614.5264304122575
614.5264304122575
614.5264304122575
614.5264304122575
614.5264304122575
614.5264304122575
614.5264304122575
614.5264304122575
614.5264304122575
614.5264304122575
614.5264304122575
614.5264304122575
614.5264304122575
614.5264304122575
614.5264304122575
614.5264304122575
614.5264304122575
614.5264304122575
614.5264304122575
614.5264304122575
614.5264304122575
614.5264304122575
614.5264304122575
614.5264304122575
614.5264304122575
614.5264304122575
614.5264304122575
614.5264304122575
614.5264304122575
614.5264304122575
614.5264304122575
614.5264304122575
614.5264304122575
614.5264304122575
614.5264304122575
614.5264304122575
614.5264304122575
614.5264304122575
614.5264304122575
614.5264304122575
614.5264304122575
614.5264304122575
614.5264304122575
614.5264304122575
614.5264304122575
614.5264304122575
614.5264304122575
614.5264304122575
614.5264304122575
614.5264304122575
614.5264304122575
614.5264304122575
614.5264304122575
612.211060301246
612.211060301246
612.211060301246
612.211060301246
612.211060301246
612.211060301246
612.211060301246
612.211060301246
612.211060301246
612.211060301246
612.211060301246
612.211060301246
612.211060301246
612.211060301246
612.211060301246
612.211060301246
612.211060301246
612.211060301246
612.211060301246
612.211060301246
612.211060301246
612.211060301246
612.211060301246
612.211060301246
612.211060301246
612.211060301246
612.211060301246
612.211060301246
612.211060301246
612.211060301246
612.211060301246
612.211060301246
612.211060301246
612.211060301246
612.211060301246
612.211060301246
612.211060301246
612.211060301246
612.211060301246
612.211060301246
612.211060301246
612.211060301246
612.211060301246
611.6677786743054
611.6677786743054
611.6677786743054
611.6677786743054
611.6677786743054
611.6677786743054
611.6677786743054
611.6677786743054
611.6677786743054
611.6677786743054
611.6677786743054
611.6677786743054
611.6677786743054
611.6677786743054
611.6677786743054
611.6677786743054
611.6677786743054
611.6677786743054
611.6677786743054
611.6677786743054
611.6677786743054
611.6677786743054
611.6677786743054
611.6677786743054
611.6677786743054
611.6677786743054
611.6677786743054
611.6677786743054
611.6677786743054
611.6677786743054
611.6677786743054
611.6677786743054
611.6677786743054
611.6677786743054
611.6677786743054
611.6677786743054
611.6677786743054
611.6677786743054
611.6677786743054
opt: 524