1250.1634150328623
1168.2736935744715
1142.2639571811358
1115.673013954453
1102.6575926119258
1102.6575926119258
1102.6575926119258
1102.6575926119258
1102.6575926119258
1102.6575926119258
1102.6575926119258
1102.6575926119258
1102.6575926119258
1102.6575926119258
1102.6575926119258
1102.6575926119258
1097.7465234633385
1090.4983294158249
1090.4983294158249
1087.3013156125546
1076.1276976823008
1076.1276976823008
1076.1276976823008
1076.1276976823008
1076.1276976823008
1076.1276976823008
1076.1276976823008
1076.1276976823008
1076.1276976823008
1076.1276976823008
1076.1276976823008
1076.1276976823008
1076.1276976823008
1053.1434926845802
1053.1434926845802
1053.1434926845802
1053.1434926845802
1053.1434926845802
1053.1434926845802
1053.1434926845802
1053.1434926845802
1053.1434926845802
1053.1434926845802
1053.1434926845802
1053.1434926845802
1053.1434926845802
1053.1434926845802
1053.1434926845802
1053.1434926845802
1053.1434926845802
1053.1434926845802
1053.1434926845802
1053.1434926845802
1053.1434926845802
1053.1434926845802
1053.1434926845802
1053.1434926845802
1053.1434926845802
1053.1434926845802
1053.1434926845802
1053.1434926845802
1053.1434926845802
1053.1434926845802
1053.1434926845802
1053.1434926845802
1053.1434926845802
1053.1434926845802
1053.1434926845802
1053.1434926845802
1053.1434926845802
1053.1434926845802
1053.1434926845802
1053.1434926845802
1053.1434926845802
1053.1434926845802
1053.1434926845802
1053.1434926845802
1053.1434926845802
1053.1434926845802
1053.1434926845802
1053.1434926845802
1053.1434926845802
1053.1434926845802
1053.1434926845802
1053.1434926845802
1053.1434926845802
1053.1434926845802
1053.1434926845802
1053.1434926845802
1053.1434926845802
1053.1434926845802
1053.1434926845802
1030.9959086846245
1030.9959086846245
1030.9959086846245
1030.9959086846245
1030.9959086846245
1030.9959086846245
1030.9959086846245
1030.9959086846245
1030.9959086846245
1030.9959086846245
1030.9959086846245
1030.9959086846245
1030.9959086846245
1030.9959086846245
1030.9959086846245
1030.9959086846245
1030.9959086846245
1030.9959086846245
1030.9959086846245
1030.9959086846245
1030.9959086846245
1030.9959086846245
1030.9959086846245
1030.9959086846245
1030.9959086846245
1030.9959086846245
1030.9959086846245
1030.9959086846245
1030.9959086846245
1030.9959086846245
1030.9959086846245
1030.9959086846245
1030.9959086846245
1030.9959086846245
1030.9959086846245
1030.9959086846245
1030.9959086846245
1030.9959086846245
1030.9959086846245
1030.9959086846245
1030.9959086846245
1030.9959086846245
1030.9959086846245
1030.9959086846245
1030.9959086846245
1030.9959086846245
1030.9959086846245
1030.9959086846245
1030.9959086846245
1030.9959086846245
1030.9959086846245
1030.9959086846245
1030.9959086846245
1030.9959086846245
1030.9959086846245
1030.9959086846245
1030.9959086846245
1030.9959086846245
1030.9959086846245
1030.9959086846245
1030.9959086846245
1030.9959086846245
1030.9959086846245
1030.9959086846245
1030.9959086846245
1030.9959086846245
1030.9959086846245
1030.9959086846245
1030.9959086846245
1030.9959086846245
1030.9959086846245
1030.9959086846245
1030.9959086846245
1030.9959086846245
1030.9959086846245
1030.9959086846245
1030.9959086846245
1030.9959086846245
1030.9959086846245
1030.9959086846245
1030.9959086846245
1030.9959086846245
1030.9959086846245
1030.9959086846245
1030.9959086846245
1030.9959086846245
1030.9959086846245
1030.9959086846245
1030.9959086846245
1030.9959086846245
1030.9959086846245
1030.9959086846245
1030.9959086846245
1030.9959086846245
1030.9959086846245
1030.9959086846245
1030.9959086846245
1030.9959086846245
1030.9959086846245
1030.9959086846245
1030.9959086846245
1030.9959086846245
1030.9959086846245
1030.9959086846245
1030.9959086846245
1030.9959086846245
1030.9959086846245
1030.9959086846245
1030.9959086846245
1030.9959086846245
1030.9959086846245
1030.9959086846245
1030.9959086846245
1030.9959086846245
1030.9959086846245
1030.9959086846245
1030.9959086846245
1030.9959086846245
1030.9959086846245
1030.9959086846245
1030.9959086846245
1030.9959086846245
1030.9959086846245
1030.9959086846245
1030.9959086846245
1030.9959086846245
1030.9959086846245
1030.9959086846245
1030.9959086846245
1030.9959086846245
1030.9959086846245
1030.9959086846245
1030.9959086846245
1030.9959086846245
1030.9959086846245
1030.9959086846245
1030.9959086846245
1030.9959086846245
1030.9959086846245
1030.9959086846245
1030.9959086846245
1030.9959086846245
1030.9959086846245
1030.9959086846245
1030.9959086846245
1030.9959086846245
1030.9959086846245
1030.9959086846245
1030.9959086846245
1030.9959086846245
1030.9959086846245
1030.9959086846245
1030.9959086846245
1030.9959086846245
1030.9959086846245
1030.9959086846245
1030.9959086846245
1030.9959086846245
1030.9959086846245
1030.9959086846245
1030.9959086846245
1030.9959086846245
1030.9959086846245
1030.9959086846245
1030.9959086846245
1030.9959086846245
1030.9959086846245
1030.9959086846245
1030.9959086846245
1030.9959086846245
1030.9959086846245
1030.9959086846245
1030.9959086846245
1030.9959086846245
1030.9959086846245
1030.9959086846245
1030.9959086846245
1030.9959086846245
1030.9959086846245
1030.9959086846245
1030.9959086846245
1030.9959086846245
1030.9959086846245
1030.9959086846245
1030.9959086846245
1030.9959086846245
1030.9959086846245
1030.9959086846245
1030.9959086846245
1030.9959086846245
1030.9959086846245
1030.9959086846245
1030.9959086846245
1030.9959086846245
1030.9959086846245
1030.9959086846245
1030.9959086846245
1030.9959086846245
1030.9959086846245
1030.9959086846245
1030.9959086846245
1030.9959086846245
1030.9959086846245
1030.9959086846245
1030.9959086846245
1030.9959086846245
1030.9959086846245
1030.9959086846245
1030.9959086846245
opt: 826