714.7473994247264
679.5677807886037
658.7153206961871
649.7966802984473
626.8688367489287
626.8688367489287
626.8688367489287
626.8688367489287
626.8688367489287
626.8688367489287
626.8688367489287
607.1296509507812
607.1296509507812
607.1296509507812
607.1296509507812
607.1296509507812
607.1296509507812
607.1296509507812
607.1296509507812
607.1296509507812
607.1296509507812
607.1296509507812
607.1296509507812
607.1296509507812
607.1296509507812
607.1296509507812
607.1296509507812
607.1296509507812
607.1296509507812
607.1296509507812
607.1296509507812
607.1296509507812
607.1296509507812
607.1296509507812
607.1296509507812
607.1296509507812
607.1296509507812
607.1296509507812
607.1296509507812
607.1296509507812
607.1296509507812
607.1296509507812
607.1296509507812
607.1296509507812
607.1296509507812
607.1296509507812
607.1296509507812
607.1296509507812
607.1296509507812
607.1296509507812
607.1296509507812
607.1296509507812
607.1296509507812
607.1296509507812
607.1296509507812
607.1296509507812
607.1296509507812
607.1296509507812
607.1296509507812
607.1296509507812
607.1296509507812
607.1296509507812
607.1296509507812
607.1296509507812
607.1296509507812
607.1296509507812
607.1296509507812
607.1296509507812
607.1296509507812
607.1296509507812
607.1296509507812
607.1296509507812
607.1296509507812
607.1296509507812
607.1296509507812
607.1296509507812
607.1296509507812
607.1296509507812
607.1296509507812
607.1296509507812
607.1296509507812
607.1296509507812
607.1296509507812
607.1296509507812
607.1296509507812
607.1296509507812
607.1296509507812
607.1296509507812
607.1296509507812
607.1296509507812
607.1296509507812
607.1296509507812
607.1296509507812
607.1296509507812
607.1296509507812
607.1296509507812
607.1296509507812
607.1296509507812
607.1296509507812
607.1296509507812
607.1296509507812
opt: 524