1226.3243572812912
1226.3243572812912
1168.4339205328488
1168.4339205328488
1168.4339205328488
1163.360571785954
1163.360571785954
1163.360571785954
1163.360571785954
1163.360571785954
1163.360571785954
1156.896708356982
1156.896708356982
1156.896708356982
1156.896708356982
1156.896708356982
1156.896708356982
1156.896708356982
1156.896708356982
1156.896708356982
1156.896708356982
1156.896708356982
1156.896708356982
1156.896708356982
1156.896708356982
1156.896708356982
1156.896708356982
1156.896708356982
1156.896708356982
1156.896708356982
1156.896708356982
1156.896708356982
1156.896708356982
1156.896708356982
1156.896708356982
1156.896708356982
1156.896708356982
1156.896708356982
1156.896708356982
1156.896708356982
1156.896708356982
1156.896708356982
1156.896708356982
1156.896708356982
1156.896708356982
1156.896708356982
1156.896708356982
1156.896708356982
1156.896708356982
1156.896708356982
1156.896708356982
1156.896708356982
1156.896708356982
1156.896708356982
1156.896708356982
1156.896708356982
1156.2833616357996
1156.2833616357996
1156.2833616357996
1156.2833616357996
1156.2833616357996
1156.2833616357996
1156.2833616357996
1156.2833616357996
1156.2833616357996
1156.2833616357996
1156.2833616357996
1156.2833616357996
1156.2833616357996
1156.2833616357996
1156.2833616357996
1156.2833616357996
1156.2833616357996
1156.2833616357996
1156.2833616357996
1156.2833616357996
1156.2833616357996
1156.2833616357996
1156.2833616357996
1156.2833616357996
1156.2833616357996
1156.2833616357996
1156.2833616357996
1156.2833616357996
1156.2833616357996
1156.2833616357996
1156.2833616357996
1156.2833616357996
1156.2833616357996
1156.2833616357996
1156.2833616357996
1156.2833616357996
1156.2833616357996
1156.2833616357996
1156.2833616357996
1156.2833616357996
1156.2833616357996
1156.2833616357996
1156.2833616357996
1156.2833616357996
1156.2833616357996
opt: 1042