1062.5702391011932
1052.2378122391642
1052.2378122391642
1052.2208258481355
1011.4058424063899
1011.4058424063899
1011.4058424063899
1011.4058424063899
1011.4058424063899
980.5306724558968
980.5306724558968
980.5306724558968
980.5306724558968
980.5306724558968
980.5306724558968
980.5306724558968
980.5306724558968
980.5306724558968
980.5306724558968
980.5306724558968
980.5306724558968
980.5306724558968
980.5306724558968
980.5306724558968
980.5306724558968
980.5306724558968
980.5306724558968
980.5306724558968
980.5306724558968
980.5306724558968
980.5306724558968
980.5306724558968
980.5306724558968
980.5306724558968
980.5306724558968
980.5306724558968
980.5306724558968
980.5306724558968
980.5306724558968
980.5306724558968
980.5306724558968
980.5306724558968
980.5306724558968
980.5306724558968
980.5306724558968
980.5306724558968
980.5306724558968
980.5306724558968
980.5306724558968
980.5306724558968
980.5306724558968
980.5306724558968
980.5306724558968
980.5306724558968
980.5306724558968
980.5306724558968
980.5306724558968
980.5306724558968
980.5306724558968
980.5306724558968
980.5306724558968
980.5306724558968
980.5306724558968
980.5306724558968
980.5306724558968
980.5306724558968
980.5306724558968
980.5306724558968
980.5306724558968
980.5306724558968
980.5306724558968
980.5306724558968
980.5306724558968
980.5306724558968
980.5306724558968
980.5306724558968
980.5306724558968
980.5306724558968
980.5306724558968
980.5306724558968
980.5306724558968
980.5306724558968
980.5306724558968
980.5306724558968
980.5306724558968
980.5306724558968
980.5306724558968
980.5306724558968
980.5306724558968
980.5306724558968
980.5306724558968
980.5306724558968
980.5306724558968
980.5306724558968
980.5306724558968
980.5306724558968
980.5306724558968
980.5306724558968
980.5306724558968
980.5306724558968
980.5306724558968
opt: 835