1248.3735208112296
1197.7819688350571
1149.1855936858742
1114.0606243000966
1081.2168777249074
1081.2168777249074
1075.1405995539983
1075.1405995539983
1075.1405995539983
1072.927296020413
1072.927296020413
1072.927296020413
1072.927296020413
1072.927296020413
1072.927296020413
1072.927296020413
1072.927296020413
1072.927296020413
1072.927296020413
1072.927296020413
1072.927296020413
1072.927296020413
1072.927296020413
1072.927296020413
1072.927296020413
1050.5753904008866
1050.5753904008866
1050.5753904008866
1050.5753904008866
1050.5753904008866
1050.5753904008866
1050.5753904008866
1050.5753904008866
1050.5753904008866
1050.5753904008866
1050.5753904008866
1050.5753904008866
1050.5753904008866
1050.5753904008866
1044.5664042545116
1044.5664042545116
1044.5664042545116
1044.5664042545116
1044.5664042545116
1044.5664042545116
1044.5664042545116
1044.5664042545116
1044.5664042545116
1044.5664042545116
1044.5664042545116
1044.5664042545116
1044.5664042545116
1044.5664042545116
1044.5664042545116
1044.5664042545116
1044.5664042545116
1044.5664042545116
1044.5664042545116
1044.5664042545116
1044.5664042545116
1044.5664042545116
1044.5664042545116
1044.5664042545116
1044.5664042545116
1044.5664042545116
1044.5664042545116
1044.5664042545116
1044.5664042545116
1044.5664042545116
1044.5664042545116
1028.73500865646
1028.73500865646
1028.73500865646
1028.73500865646
1028.73500865646
1028.73500865646
1028.73500865646
1028.73500865646
1028.73500865646
1028.73500865646
1028.73500865646
1028.73500865646
1028.73500865646
1028.73500865646
1028.73500865646
1028.73500865646
1028.73500865646
1028.73500865646
1028.73500865646
1028.73500865646
1028.73500865646
1028.73500865646
1028.73500865646
1028.73500865646
1028.73500865646
1028.73500865646
1028.73500865646
1028.73500865646
1028.73500865646
1028.73500865646
1028.73500865646
opt: 826