1593.4648532537112
1540.9647585663129
1425.968100872763
1419.2112995441762
1396.032090111611
1376.0961401965715
1376.0961401965715
1376.0961401965715
1376.0961401965715
1316.2777565993279
1316.2777565993279
1316.2777565993279
1316.2777565993279
1316.2777565993279
1316.2777565993279
1316.2777565993279
1316.2777565993279
1316.2777565993279
1316.2777565993279
1316.2777565993279
1316.2777565993279
1278.500534882198
1278.500534882198
1278.500534882198
1278.500534882198
1278.500534882198
1278.500534882198
1278.500534882198
1278.500534882198
1278.500534882198
1278.500534882198
1278.500534882198
1278.500534882198
1278.500534882198
1278.500534882198
1278.500534882198
1278.500534882198
1278.500534882198
1278.500534882198
1278.500534882198
1278.500534882198
1278.500534882198
1278.500534882198
1278.500534882198
1278.500534882198
1278.500534882198
1278.500534882198
1278.500534882198
1278.500534882198
1278.500534882198
1278.500534882198
1278.500534882198
1278.500534882198
1278.500534882198
1278.500534882198
1278.500534882198
1278.500534882198
1278.500534882198
1278.500534882198
1278.500534882198
1278.500534882198
1278.500534882198
1278.500534882198
1278.500534882198
1278.500534882198
1278.500534882198
1278.500534882198
1278.500534882198
1278.500534882198
1278.500534882198
1278.500534882198
1278.500534882198
1278.500534882198
1278.500534882198
1278.500534882198
1278.500534882198
1278.500534882198
1278.500534882198
1278.500534882198
1278.500534882198
1278.500534882198
1278.500534882198
1278.500534882198
1278.500534882198
1278.500534882198
1278.500534882198
1278.500534882198
1278.500534882198
1278.500534882198
1278.500534882198
1278.500534882198
1278.500534882198
1278.500534882198
1278.500534882198
1278.500534882198
1278.500534882198
1278.500534882198
1278.500534882198
1278.500534882198
1278.500534882198
1278.500534882198
opt: 1028