1249.5592096871637
1157.2252131529285
1077.5586156848678
1077.5586156848678
1077.5586156848678
1077.5586156848678
1036.0981491181835
1036.0981491181835
1036.0981491181835
1036.0981491181835
1036.0981491181835
1036.0981491181835
1036.0981491181835
1036.0981491181835
1036.0981491181835
1036.0981491181835
1036.0981491181835
1036.0981491181835
1036.0981491181835
1036.0981491181835
1036.0981491181835
1036.0981491181835
1036.0981491181835
1036.0981491181835
1036.0981491181835
1036.0981491181835
1036.0981491181835
1036.0981491181835
1036.0981491181835
1036.0981491181835
1036.0981491181835
1036.0981491181835
1036.0981491181835
1036.0981491181835
1036.0981491181835
1036.0981491181835
1036.0981491181835
1036.0981491181835
1036.0981491181835
1036.0981491181835
1036.0981491181835
1036.0981491181835
1036.0981491181835
1036.0981491181835
1036.0981491181835
1036.0981491181835
1036.0981491181835
1036.0981491181835
1036.0981491181835
1036.0981491181835
1036.0981491181835
1036.0981491181835
1036.0981491181835
1036.0981491181835
1036.0981491181835
1036.0981491181835
1036.0981491181835
1036.0981491181835
1036.0981491181835
1036.0981491181835
1036.0981491181835
1036.0981491181835
1036.0981491181835
1036.0981491181835
1036.0981491181835
1036.0981491181835
1036.0981491181835
1036.0981491181835
1036.0981491181835
1036.0981491181835
1036.0981491181835
1036.0981491181835
1036.0981491181835
1036.0981491181835
1036.0981491181835
1036.0981491181835
1036.0981491181835
1036.0981491181835
1036.0981491181835
1036.0981491181835
1036.0981491181835
1036.0981491181835
1036.0981491181835
1036.0981491181835
1036.0981491181835
1036.0981491181835
1036.0981491181835
1036.0981491181835
1036.0981491181835
1036.0981491181835
1036.0981491181835
1036.0981491181835
1036.0981491181835
1036.0981491181835
1036.0981491181835
1036.0981491181835
1036.0981491181835
1036.0981491181835
1036.0981491181835
1036.0981491181835
1036.0981491181835
opt: 826