1277.5346760466584
1226.6716768232034
1215.0636627758404
1195.0472730310476
1186.49155263614
1184.908635244341
1184.908635244341
1171.5518005179515
1171.5518005179515
1171.5518005179515
1171.5518005179515
1171.5518005179515
1171.5518005179515
1158.6411041752658
1158.6411041752658
1158.6411041752658
1158.6411041752658
1155.9946783691166
1155.9946783691166
1155.9946783691166
1155.9946783691166
1155.9946783691166
1155.9946783691166
1155.9946783691166
1155.9946783691166
1155.9946783691166
1155.9946783691166
1153.8285810081475
1153.8285810081475
1153.8285810081475
1153.8285810081475
1153.8285810081475
1153.8285810081475
1153.8285810081475
1153.8285810081475
1153.8285810081475
1153.8285810081475
1153.8285810081475
1153.8285810081475
1153.8285810081475
1153.8285810081475
1148.3575275077258
1148.3575275077258
1148.3575275077258
1148.3575275077258
1148.3575275077258
1148.3575275077258
1148.3575275077258
1148.3575275077258
1148.3575275077258
1148.3575275077258
1148.3575275077258
1148.3575275077258
1148.3575275077258
1148.3575275077258
1148.3575275077258
1148.3575275077258
1148.3575275077258
1148.3575275077258
1148.3575275077258
1148.3575275077258
1148.3575275077258
1148.3575275077258
1148.3575275077258
1148.3575275077258
1148.3575275077258
1148.3575275077258
1148.3575275077258
1148.3575275077258
1148.3575275077258
1148.3575275077258
1148.3575275077258
1148.3575275077258
1148.3575275077258
1148.3575275077258
1148.3575275077258
1148.3575275077258
1148.3575275077258
1148.3575275077258
1148.3575275077258
1148.3575275077258
1148.3575275077258
1148.3575275077258
1148.3575275077258
1148.3575275077258
1148.3575275077258
1148.1028616343995
1148.1028616343995
1148.1028616343995
1148.1028616343995
1148.1028616343995
1148.1028616343995
1148.1028616343995
1148.1028616343995
1148.1028616343995
1148.1028616343995
1148.1028616343995
1148.1028616343995
1148.1028616343995
1148.1028616343995
1148.1028616343995
opt: 1042