1168.196623146018
1103.808070478996
1039.6394577840483
1039.6394577840483
1031.4471823579713
1031.4471823579713
961.3430778409756
961.3430778409756
961.3430778409756
961.3430778409756
961.3430778409756
961.3430778409756
961.3430778409756
961.3430778409756
961.3430778409756
961.3430778409756
961.3430778409756
961.3430778409756
961.3430778409756
961.3430778409756
961.3430778409756
961.3430778409756
961.3430778409756
961.3430778409756
961.3430778409756
961.3430778409756
961.3430778409756
961.3430778409756
961.3430778409756
961.3430778409756
961.3430778409756
961.3430778409756
961.3430778409756
961.3430778409756
961.3430778409756
961.3430778409756
961.3430778409756
961.3430778409756
961.3430778409756
961.3430778409756
961.3430778409756
961.3430778409756
961.3430778409756
961.3430778409756
961.3430778409756
961.3430778409756
961.3430778409756
961.3430778409756
961.3430778409756
961.3430778409756
961.3430778409756
961.3430778409756
961.3430778409756
961.3430778409756
961.3430778409756
961.3430778409756
961.3430778409756
961.3430778409756
961.3430778409756
961.3430778409756
961.3430778409756
961.3430778409756
961.3430778409756
961.3430778409756
961.3430778409756
961.3430778409756
961.3430778409756
961.3430778409756
961.3430778409756
961.3430778409756
961.3430778409756
961.3430778409756
961.3430778409756
961.3430778409756
961.3430778409756
961.3430778409756
961.3430778409756
961.3430778409756
961.3430778409756
961.3430778409756
961.3430778409756
961.3430778409756
961.3430778409756
961.3430778409756
961.3430778409756
961.3430778409756
961.3430778409756
961.3430778409756
961.3430778409756
961.3430778409756
961.3430778409756
961.3430778409756
961.3430778409756
961.3430778409756
961.3430778409756
961.3430778409756
961.3430778409756
961.3430778409756
961.3430778409756
961.3430778409756
961.3430778409756
opt: 835