735.5607545321571
663.9743614813793
642.0926651479235
638.1308657068556
638.1308657068556
616.7837642295412
601.3723301805187
601.3723301805187
601.3723301805187
601.3723301805187
601.3723301805187
601.3723301805187
601.3723301805187
601.3723301805187
601.3723301805187
601.3723301805187
601.3723301805187
601.3723301805187
601.3723301805187
601.3723301805187
601.3723301805187
601.3723301805187
601.3723301805187
601.3723301805187
601.3723301805187
601.3723301805187
601.3723301805187
601.3723301805187
601.3723301805187
601.3723301805187
601.3723301805187
601.3723301805187
601.3723301805187
601.3723301805187
601.3723301805187
601.3723301805187
601.3723301805187
601.3723301805187
601.3723301805187
601.3723301805187
601.3723301805187
601.3723301805187
601.3723301805187
601.3723301805187
601.3723301805187
601.3723301805187
601.3723301805187
601.3723301805187
601.3723301805187
601.3723301805187
601.3723301805187
601.3723301805187
601.3723301805187
601.3723301805187
601.3723301805187
601.3723301805187
601.3723301805187
601.3723301805187
601.3723301805187
601.3723301805187
601.3723301805187
601.3723301805187
601.3723301805187
601.3723301805187
601.3723301805187
601.3723301805187
601.3723301805187
601.3723301805187
601.3723301805187
601.3723301805187
601.3723301805187
601.3723301805187
601.3723301805187
601.3723301805187
601.3723301805187
601.3723301805187
601.3723301805187
601.3723301805187
601.3723301805187
601.3723301805187
601.3723301805187
601.3723301805187
601.3723301805187
601.3723301805187
601.3723301805187
601.3723301805187
601.3723301805187
601.3723301805187
601.3723301805187
601.3723301805187
601.3723301805187
601.3723301805187
601.3723301805187
601.3723301805187
601.3723301805187
601.3723301805187
601.3723301805187
601.3723301805187
601.3723301805187
601.3723301805187
601.3723301805187
opt: 524