1600.5784014735873
1527.5062446640145
1448.894553219515
1394.4030988982397
1391.2938407769993
1391.2938407769993
1388.5640695750712
1382.2393860458214
1382.2393860458214
1378.094867310931
1378.094867310931
1378.094867310931
1378.094867310931
1378.094867310931
1378.094867310931
1374.532810791325
1374.532810791325
1356.8996939002955
1356.8996939002955
1356.8996939002955
1356.8996939002955
1356.8996939002955
1356.8996939002955
1356.8996939002955
1356.8996939002955
1356.8996939002955
1356.8996939002955
1356.8996939002955
1356.8996939002955
1356.8996939002955
1356.8996939002955
1356.8996939002955
1356.8996939002955
1356.8996939002955
1356.8996939002955
1356.8996939002955
1356.8996939002955
1356.8996939002955
1345.0549059840316
1345.0549059840316
1345.0549059840316
1345.0549059840316
1345.0549059840316
1345.0549059840316
1345.0549059840316
1345.0549059840316
1345.0549059840316
1345.0549059840316
1345.0549059840316
1345.0549059840316
1345.0549059840316
1345.0549059840316
1345.0549059840316
1345.0549059840316
1318.5200815873554
1318.5200815873554
1318.5200815873554
1318.5200815873554
1318.5200815873554
1318.5200815873554
1318.5200815873554
1318.5200815873554
1318.5200815873554
1318.5200815873554
1318.5200815873554
1318.5200815873554
1318.5200815873554
1318.5200815873554
1318.5200815873554
1318.5200815873554
1318.5200815873554
1318.5200815873554
1318.5200815873554
1318.5200815873554
1318.5200815873554
1318.5200815873554
1318.5200815873554
1309.0206119274494
1309.0206119274494
1309.0206119274494
1309.0206119274494
1309.0206119274494
1309.0206119274494
1309.0206119274494
1309.0206119274494
1309.0206119274494
1309.0206119274494
1309.0206119274494
1309.0206119274494
1309.0206119274494
1309.0206119274494
1309.0206119274494
1309.0206119274494
1309.0206119274494
1309.0206119274494
1309.0206119274494
1309.0206119274494
1309.0206119274494
1309.0206119274494
1309.0206119274494
1309.0206119274494
opt: 1028