1256.513896013147
1204.6052704594235
1157.988961726565
1125.3612397233837
1120.648175615044
1092.8660399815842
1092.8660399815842
1092.8660399815842
1092.8660399815842
1092.8660399815842
1081.898349975465
1081.898349975465
1081.898349975465
1081.898349975465
1081.898349975465
1081.898349975465
1081.898349975465
1081.898349975465
1081.898349975465
1081.898349975465
1081.898349975465
1081.898349975465
1054.5083931901872
1054.5083931901872
1054.5083931901872
1054.5083931901872
1054.5083931901872
1054.5083931901872
1054.5083931901872
1054.5083931901872
1054.5083931901872
1054.5083931901872
1054.5083931901872
1054.5083931901872
1054.5083931901872
1054.5083931901872
1054.5083931901872
1054.5083931901872
1054.5083931901872
1054.5083931901872
1054.5083931901872
1054.5083931901872
1054.5083931901872
1054.5083931901872
1054.5083931901872
1054.5083931901872
1054.5083931901872
1054.5083931901872
1054.5083931901872
1054.5083931901872
1054.5083931901872
1054.5083931901872
1054.5083931901872
1054.5083931901872
1054.5083931901872
1054.5083931901872
1054.5083931901872
1054.5083931901872
1054.5083931901872
1054.5083931901872
1054.5083931901872
1054.5083931901872
1054.5083931901872
1054.5083931901872
1054.5083931901872
1054.5083931901872
1054.5083931901872
1054.5083931901872
1054.5083931901872
1054.5083931901872
1054.5083931901872
1054.5083931901872
1054.5083931901872
1054.5083931901872
1054.5083931901872
1034.7106616701012
1034.7106616701012
1034.7106616701012
1034.7106616701012
1034.7106616701012
1034.7106616701012
1034.7106616701012
1034.7106616701012
1034.7106616701012
1034.7106616701012
1034.7106616701012
1034.7106616701012
1034.7106616701012
1034.7106616701012
1034.7106616701012
1034.7106616701012
1034.7106616701012
1034.7106616701012
1034.7106616701012
1034.7106616701012
1034.7106616701012
1034.7106616701012
1034.7106616701012
1034.7106616701012
1034.7106616701012
1034.7106616701012
opt: 826