699.6178804885213
660.6237183601143
639.9602188265565
627.2339073009871
606.5146682482296
606.5146682482296
606.5146682482296
606.5146682482296
606.5146682482296
603.7313980451611
603.7313980451611
603.7313980451611
593.9868875641445
593.9868875641445
593.9868875641445
593.9868875641445
593.9868875641445
593.9868875641445
593.9868875641445
593.9868875641445
593.9868875641445
593.9868875641445
593.9868875641445
593.9868875641445
593.9868875641445
593.9868875641445
593.9868875641445
593.9868875641445
593.9868875641445
593.9868875641445
593.9868875641445
593.9868875641445
593.9868875641445
593.9868875641445
593.9868875641445
593.9868875641445
593.9868875641445
593.9868875641445
593.9868875641445
593.9868875641445
593.9868875641445
593.9868875641445
593.9868875641445
593.9868875641445
593.9868875641445
593.9868875641445
593.9868875641445
593.9868875641445
593.9868875641445
593.9868875641445
585.7570661864376
585.7570661864376
585.7570661864376
585.7570661864376
585.7570661864376
585.7570661864376
585.7570661864376
585.7570661864376
585.7570661864376
585.7570661864376
585.7570661864376
585.7570661864376
585.7570661864376
585.7570661864376
585.7570661864376
585.7570661864376
585.7570661864376
585.7570661864376
585.7570661864376
585.7570661864376
585.7570661864376
585.7570661864376
585.7570661864376
585.7570661864376
585.7570661864376
585.7570661864376
585.7570661864376
585.7570661864376
585.7570661864376
585.7570661864376
585.7570661864376
585.7570661864376
585.7570661864376
585.7570661864376
585.7570661864376
585.7570661864376
585.7570661864376
585.7570661864376
585.7570661864376
585.7570661864376
585.7570661864376
585.7570661864376
585.7570661864376
585.7570661864376
585.7570661864376
585.7570661864376
585.7570661864376
585.7570661864376
585.7570661864376
585.7570661864376
585.7570661864376
opt: 524