1562.2657398316367
1534.7432488880056
1376.046272816661
1376.046272816661
1376.046272816661
1376.046272816661
1334.2091749312813
1334.2091749312813
1334.2091749312813
1334.2091749312813
1334.2091749312813
1334.2091749312813
1334.2091749312813
1334.2091749312813
1334.2091749312813
1334.2091749312813
1334.2091749312813
1334.2091749312813
1334.2091749312813
1334.2091749312813
1334.2091749312813
1334.2091749312813
1334.2091749312813
1334.2091749312813
1334.2091749312813
1334.2091749312813
1334.2091749312813
1334.2091749312813
1334.2091749312813
1334.2091749312813
1334.2091749312813
1334.2091749312813
1334.2091749312813
1334.2091749312813
1334.2091749312813
1334.2091749312813
1334.2091749312813
1334.2091749312813
1334.2091749312813
1334.2091749312813
1334.2091749312813
1334.2091749312813
1334.2091749312813
1334.2091749312813
1334.2091749312813
1334.2091749312813
1334.2091749312813
1334.2091749312813
1334.2091749312813
1334.2091749312813
1334.2091749312813
1334.2091749312813
1334.2091749312813
1334.2091749312813
1334.2091749312813
1334.2091749312813
1334.2091749312813
1334.2091749312813
1334.2091749312813
1334.2091749312813
1334.2091749312813
1334.2091749312813
1334.2091749312813
1334.2091749312813
1334.2091749312813
1334.2091749312813
1334.2091749312813
1334.2091749312813
1334.2091749312813
1334.2091749312813
1334.2091749312813
1334.2091749312813
1334.2091749312813
1334.2091749312813
1334.2091749312813
1334.2091749312813
1334.2091749312813
1334.2091749312813
1334.2091749312813
1334.2091749312813
1334.2091749312813
1334.2091749312813
1334.2091749312813
1334.2091749312813
1334.2091749312813
1334.2091749312813
1334.2091749312813
1334.2091749312813
1334.2091749312813
1334.2091749312813
1334.2091749312813
1334.2091749312813
1334.2091749312813
1334.2091749312813
1334.2091749312813
1334.2091749312813
1334.2091749312813
1334.2091749312813
1334.2091749312813
1334.2091749312813
1334.2091749312813
opt: 1028