1275.2373293817307
1216.9777867862595
1216.9777867862595
1200.6842701366584
1186.3544699357842
1163.3595558233667
1163.3595558233667
1163.3595558233667
1163.3595558233667
1163.3595558233667
1163.3595558233667
1163.3595558233667
1163.3595558233667
1155.688520801716
1155.688520801716
1155.688520801716
1155.688520801716
1151.1533424113916
1151.1533424113916
1139.542763685744
1139.542763685744
1127.666047976733
1127.666047976733
1127.666047976733
1127.666047976733
1127.666047976733
1127.243022231287
1127.243022231287
1127.243022231287
1127.243022231287
1127.243022231287
1127.243022231287
1127.243022231287
1126.8068024338215
1126.8068024338215
1126.8068024338215
1126.8068024338215
1126.8068024338215
1126.8068024338215
1126.8068024338215
1126.8068024338215
1126.8068024338215
1121.0662185052645
1121.0662185052645
1121.0662185052645
1121.0662185052645
1121.0662185052645
1121.0662185052645
1121.0662185052645
1118.7606717461153
1118.7606717461153
1110.1599893379494
1110.1599893379494
1110.1599893379494
1103.634825383398
1103.634825383398
1103.634825383398
1103.634825383398
1103.634825383398
1103.634825383398
1103.634825383398
1103.634825383398
1103.634825383398
1103.634825383398
1103.634825383398
1103.634825383398
1103.634825383398
1103.634825383398
1103.634825383398
1103.634825383398
1103.634825383398
1103.634825383398
1103.634825383398
1103.634825383398
1103.634825383398
1103.634825383398
1103.634825383398
1103.634825383398
1103.634825383398
1103.634825383398
1103.634825383398
1103.634825383398
1103.634825383398
1103.634825383398
1103.634825383398
1103.634825383398
1103.634825383398
1103.634825383398
1103.634825383398
1103.634825383398
1103.634825383398
1103.634825383398
1103.634825383398
1103.634825383398
1103.634825383398
1103.634825383398
1103.634825383398
1103.634825383398
1103.634825383398
1103.634825383398
1103.634825383398
opt: 1042