1168.050786194571
1118.1565905235282
1063.0989879049343
1010.8764251409283
1010.8764251409283
1010.8764251409283
1010.8764251409283
1010.8764251409283
1010.8764251409283
1010.8764251409283
1010.8764251409283
994.6921280049036
994.6921280049036
983.5441082846343
983.5441082846343
983.5441082846343
983.5441082846343
983.5441082846343
983.5441082846343
983.5441082846343
983.5441082846343
983.5441082846343
983.5441082846343
983.5441082846343
982.3174861475727
976.2919848862693
976.2919848862693
976.2919848862693
976.2919848862693
976.2919848862693
976.2919848862693
976.2919848862693
976.2919848862693
976.2919848862693
976.2919848862693
976.2919848862693
976.2919848862693
954.6573040106614
954.6573040106614
954.6573040106614
954.6573040106614
954.6573040106614
954.6573040106614
954.6573040106614
954.6573040106614
954.6573040106614
954.6573040106614
954.6573040106614
954.6573040106614
954.6573040106614
954.6573040106614
954.6573040106614
954.6573040106614
954.6573040106614
954.6573040106614
954.6573040106614
937.8981212643632
937.8981212643632
937.8981212643632
937.8981212643632
937.8981212643632
937.8981212643632
937.8981212643632
937.8981212643632
937.8981212643632
937.8981212643632
937.8981212643632
937.8981212643632
937.8981212643632
937.8981212643632
937.8981212643632
937.8981212643632
937.8981212643632
937.8981212643632
937.8981212643632
937.8981212643632
937.8981212643632
937.8981212643632
937.8981212643632
937.8981212643632
937.8981212643632
937.8981212643632
937.8981212643632
937.8981212643632
937.8981212643632
937.8981212643632
937.8981212643632
937.8981212643632
937.8981212643632
937.8981212643632
937.8981212643632
937.8981212643632
937.8981212643632
937.8981212643632
937.8981212643632
937.8981212643632
937.8981212643632
937.8981212643632
937.8981212643632
937.8981212643632
937.8981212643632
opt: 835