1264.1276213216345
1264.1276213216345
1217.380102414883
1207.028211088888
1207.028211088888
1207.028211088888
1207.028211088888
1179.0368645460753
1179.0368645460753
1167.4150519392472
1167.4150519392472
1167.4150519392472
1167.4150519392472
1167.4150519392472
1167.4150519392472
1167.4150519392472
1167.4150519392472
1167.4150519392472
1167.4150519392472
1167.4150519392472
1164.178772820847
1164.178772820847
1164.178772820847
1164.178772820847
1164.1620693879897
1164.1620693879897
1164.1620693879897
1164.1620693879897
1164.1620693879897
1164.1620693879897
1164.1620693879897
1164.1620693879897
1164.1620693879897
1163.7253052306023
1163.7253052306023
1163.7253052306023
1163.7253052306023
1163.7253052306023
1163.7253052306023
1163.7253052306023
1163.7253052306023
1163.7253052306023
1163.7253052306023
1163.7253052306023
1163.7253052306023
1163.7253052306023
1163.7253052306023
1163.7253052306023
1163.7253052306023
1163.7253052306023
1163.7253052306023
1163.7253052306023
1163.7253052306023
1163.7253052306023
1163.7253052306023
1163.7253052306023
1163.7253052306023
1163.7253052306023
1163.7253052306023
1163.7253052306023
1163.7253052306023
1163.7253052306023
1163.7253052306023
1163.7253052306023
1163.7253052306023
1163.7253052306023
1163.7253052306023
1163.7253052306023
1163.7253052306023
1163.7253052306023
1163.7253052306023
1163.7253052306023
1163.7253052306023
1163.7253052306023
1163.7253052306023
1163.7253052306023
1163.7253052306023
1163.7253052306023
1163.7253052306023
1163.7253052306023
1163.7253052306023
1163.7253052306023
1163.7253052306023
1163.7253052306023
1163.7253052306023
1163.7253052306023
1163.7253052306023
1163.7253052306023
1163.7253052306023
1163.7253052306023
1163.7253052306023
1163.7253052306023
1163.7253052306023
1163.7253052306023
1163.7253052306023
1163.7253052306023
1163.7253052306023
1163.7253052306023
1163.7253052306023
1163.7253052306023
1163.7253052306023
1163.7253052306023
1163.7253052306023
1163.7253052306023
1163.7253052306023
1163.7253052306023
1163.7253052306023
1163.7253052306023
1163.7253052306023
1163.7253052306023
1163.7253052306023
1163.7253052306023
1163.7253052306023
1163.7253052306023
1163.7253052306023
1163.7253052306023
1163.7253052306023
1163.7253052306023
1158.3195713423668
1158.3195713423668
1158.3195713423668
1158.3195713423668
1158.3195713423668
1158.3195713423668
1158.3195713423668
1158.3195713423668
1158.3195713423668
1158.3195713423668
1158.3195713423668
1158.3195713423668
1158.3195713423668
1158.3195713423668
1158.3195713423668
1158.3195713423668
1158.3195713423668
1158.3195713423668
1158.3195713423668
1158.3195713423668
1158.3195713423668
1158.3195713423668
1158.3195713423668
1158.3195713423668
1158.3195713423668
1158.3195713423668
1158.3195713423668
1158.3195713423668
1158.3195713423668
1158.3195713423668
1158.3195713423668
1158.3195713423668
1158.3195713423668
1158.3195713423668
1158.3195713423668
1158.3195713423668
1158.3195713423668
1158.3195713423668
1158.3195713423668
1158.3195713423668
1158.3195713423668
1158.3195713423668
1158.3195713423668
1158.3195713423668
1158.3195713423668
1158.3195713423668
1158.3195713423668
1158.3195713423668
1158.3195713423668
1158.3195713423668
1158.3195713423668
1158.3195713423668
1158.3195713423668
1158.3195713423668
1158.3195713423668
1158.3195713423668
1158.3195713423668
1158.3195713423668
1158.3195713423668
1158.3195713423668
1158.3195713423668
1158.3195713423668
1158.3195713423668
1158.3195713423668
1158.3195713423668
1158.3195713423668
1158.3195713423668
1158.3195713423668
1158.3195713423668
1158.3195713423668
1158.3195713423668
1158.3195713423668
1158.3195713423668
1158.3195713423668
1158.3195713423668
1158.3195713423668
1158.3195713423668
1158.3195713423668
1158.3195713423668
1158.3195713423668
1158.3195713423668
1158.3195713423668
1158.3195713423668
1158.3195713423668
1158.3195713423668
1158.3195713423668
1158.3195713423668
1158.3195713423668
1158.3195713423668
1158.3195713423668
1158.3195713423668
1158.3195713423668
1158.3195713423668
1158.3195713423668
1158.3195713423668
1158.3195713423668
1158.3195713423668
1158.3195713423668
1158.3195713423668
1158.3195713423668
1158.3195713423668
1158.3195713423668
1158.3195713423668
1158.3195713423668
1158.3195713423668
1158.3195713423668
1158.3195713423668
1158.3195713423668
1158.3195713423668
1158.3195713423668
1158.3195713423668
1158.3195713423668
1158.3195713423668
1158.3195713423668
1158.3195713423668
1158.3195713423668
1158.3195713423668
1158.3195713423668
1158.3195713423668
1158.3195713423668
1158.3195713423668
1158.3195713423668
1158.3195713423668
1158.3195713423668
1158.3195713423668
1158.3195713423668
1158.3195713423668
1158.3195713423668
1158.3195713423668
1158.3195713423668
1158.3195713423668
1158.3195713423668
1158.3195713423668
1158.3195713423668
1158.3195713423668
1158.3195713423668
1158.3195713423668
1158.3195713423668
1158.3195713423668
1158.3195713423668
1158.3195713423668
1158.3195713423668
1158.3195713423668
1158.3195713423668
1158.3195713423668
1158.3195713423668
1158.3195713423668
1158.3195713423668
1158.3195713423668
1158.3195713423668
1158.3195713423668
1158.3195713423668
1158.3195713423668
1158.3195713423668
1158.3195713423668
1158.3195713423668
1158.3195713423668
1158.3195713423668
1158.3195713423668
1158.3195713423668
1158.3195713423668
1158.3195713423668
1158.3195713423668
1158.3195713423668
1158.3195713423668
1158.3195713423668
1158.3195713423668
1158.3195713423668
1158.3195713423668
1158.3195713423668
1158.3195713423668
1158.3195713423668
1158.3195713423668
1158.3195713423668
1158.3195713423668
1158.3195713423668
1158.3195713423668
1158.3195713423668
1158.3195713423668
1158.3195713423668
1158.3195713423668
1158.3195713423668
1158.3195713423668
opt: 1042