1285.4738019714966
1182.4257820135172
1181.5250750849243
1181.5250750849243
1150.532601283733
1150.532601283733
1129.3017067878889
1122.9970478401701
1118.0900710779574
1109.5949020585606
1087.5708261284408
1087.5708261284408
1087.5708261284408
1087.5708261284408
1070.0898634551347
1070.0898634551347
1070.0898634551347
1070.0898634551347
1070.0898634551347
1070.0898634551347
1070.0898634551347
1069.7965854466286
1069.7965854466286
1069.7965854466286
1069.7965854466286
1069.7965854466286
1069.7965854466286
1069.7965854466286
1069.7965854466286
1069.7965854466286
1069.7965854466286
1069.7965854466286
1069.7965854466286
1069.7965854466286
1069.7965854466286
1069.7965854466286
1069.7965854466286
1069.7965854466286
1069.7965854466286
1069.7965854466286
1069.7965854466286
1069.7965854466286
1069.7965854466286
1069.7965854466286
1069.7965854466286
1069.7965854466286
1069.7965854466286
1069.7965854466286
1069.7965854466286
1069.7965854466286
1069.7965854466286
1069.7965854466286
1069.7965854466286
1069.7965854466286
1069.7965854466286
1069.7965854466286
1069.7965854466286
1069.7965854466286
1069.7965854466286
1069.7965854466286
1069.7965854466286
1059.9836534323967
1059.9836534323967
1059.9836534323967
1059.9836534323967
1059.9836534323967
1059.9836534323967
1059.9836534323967
1059.9836534323967
1059.9836534323967
1059.9836534323967
1059.9836534323967
1050.7144422182005
1050.7144422182005
1050.7144422182005
1050.7144422182005
1050.7144422182005
1050.7144422182005
1050.7144422182005
1050.7144422182005
1050.7144422182005
1050.7144422182005
1050.7144422182005
1050.7144422182005
1050.7144422182005
1050.7144422182005
1050.7144422182005
1050.7144422182005
1050.7144422182005
1050.7144422182005
1050.7144422182005
1050.7144422182005
1050.7144422182005
1050.7144422182005
1050.7144422182005
1050.7144422182005
1050.7144422182005
1050.7144422182005
1050.7144422182005
1050.7144422182005
1050.7144422182005
1050.7144422182005
1050.7144422182005
1050.7144422182005
1050.7144422182005
1050.7144422182005
1050.7144422182005
1050.7144422182005
1050.7144422182005
1050.7144422182005
1050.7144422182005
1050.7144422182005
1050.7144422182005
1050.7144422182005
1050.7144422182005
1050.7144422182005
1050.7144422182005
1050.7144422182005
1050.7144422182005
1050.7144422182005
1050.7144422182005
1050.7144422182005
1050.7144422182005
1050.7144422182005
1050.7144422182005
1050.7144422182005
1050.7144422182005
1050.7144422182005
1050.7144422182005
1050.7144422182005
1050.7144422182005
1050.7144422182005
1050.7144422182005
1050.7144422182005
1050.7144422182005
1050.7144422182005
1050.7144422182005
1050.7144422182005
1050.7144422182005
1050.7144422182005
1050.7144422182005
1050.7144422182005
1050.7144422182005
1050.7144422182005
1050.7144422182005
1050.7144422182005
1050.7144422182005
1050.7144422182005
1050.7144422182005
1050.7144422182005
1050.7144422182005
1050.7144422182005
1050.7144422182005
1050.7144422182005
1050.7144422182005
1050.7144422182005
1050.7144422182005
1050.7144422182005
1050.7144422182005
1050.7144422182005
1050.7144422182005
1050.7144422182005
1050.7144422182005
1050.7144422182005
1050.7144422182005
1050.7144422182005
1050.7144422182005
1050.7144422182005
1050.7144422182005
1050.7144422182005
1050.7144422182005
1050.7144422182005
1050.7144422182005
1050.7144422182005
1050.7144422182005
1050.7144422182005
1050.7144422182005
1050.7144422182005
1050.7144422182005
1050.7144422182005
1050.7144422182005
1050.7144422182005
1050.7144422182005
1050.7144422182005
1050.7144422182005
1050.7144422182005
1050.7144422182005
1050.7144422182005
1050.7144422182005
1050.7144422182005
1050.7144422182005
1050.7144422182005
1050.7144422182005
1050.7144422182005
1050.7144422182005
1050.7144422182005
1050.7144422182005
1050.7144422182005
1050.7144422182005
1050.7144422182005
1050.7144422182005
1050.7144422182005
1050.7144422182005
1050.7144422182005
1050.7144422182005
1050.7144422182005
1050.7144422182005
1050.7144422182005
1050.7144422182005
1050.7144422182005
1050.7144422182005
1050.7144422182005
1050.7144422182005
1050.7144422182005
1050.7144422182005
1050.7144422182005
1050.7144422182005
1050.7144422182005
1050.7144422182005
1050.7144422182005
1050.7144422182005
1050.7144422182005
1050.7144422182005
1050.7144422182005
1050.7144422182005
1050.7144422182005
1050.7144422182005
1050.7144422182005
1050.7144422182005
1050.7144422182005
1050.7144422182005
1050.7144422182005
1050.7144422182005
1050.7144422182005
1050.7144422182005
1050.7144422182005
1050.7144422182005
1050.7144422182005
1050.7144422182005
1050.7144422182005
1050.7144422182005
1050.7144422182005
1050.7144422182005
1050.7144422182005
1050.7144422182005
1050.7144422182005
1050.7144422182005
1050.7144422182005
1050.7144422182005
1050.7144422182005
1050.7144422182005
1050.7144422182005
1050.7144422182005
1050.7144422182005
1050.7144422182005
1050.7144422182005
1050.7144422182005
1050.7144422182005
1050.7144422182005
1050.7144422182005
1050.7144422182005
1050.7144422182005
1050.7144422182005
1050.7144422182005
1050.7144422182005
1050.7144422182005
1050.7144422182005
1050.7144422182005
1050.7144422182005
1050.7144422182005
1050.7144422182005
1050.7144422182005
1050.7144422182005
1050.7144422182005
1050.7144422182005
1050.7144422182005
1050.7144422182005
1050.7144422182005
1050.7144422182005
1050.7144422182005
1050.7144422182005
1050.7144422182005
1050.7144422182005
1050.7144422182005
1050.7144422182005
1050.7144422182005
1050.7144422182005
1050.7144422182005
1050.7144422182005
1050.7144422182005
1050.7144422182005
1050.7144422182005
1050.7144422182005
1050.7144422182005
1050.7144422182005
1050.7144422182005
1050.7144422182005
1050.7144422182005
1050.7144422182005
1050.7144422182005
1050.7144422182005
opt: 826