725.4755686940268
641.2549012746916
641.2549012746916
641.2549012746916
641.2549012746916
626.2264753377293
626.2264753377293
626.2264753377293
626.2264753377293
626.2264753377293
626.2264753377293
626.2264753377293
626.2264753377293
607.5439089478655
607.5439089478655
607.5439089478655
607.5439089478655
607.5439089478655
607.5439089478655
607.5439089478655
607.5439089478655
607.5439089478655
607.5439089478655
607.5439089478655
607.5439089478655
607.5439089478655
607.5439089478655
607.5439089478655
607.5439089478655
607.5439089478655
607.5439089478655
607.5439089478655
607.5439089478655
607.5439089478655
607.5439089478655
607.5439089478655
607.5439089478655
607.5439089478655
607.5439089478655
607.5439089478655
607.5439089478655
607.5439089478655
607.5439089478655
607.5439089478655
607.5439089478655
607.5439089478655
607.5439089478655
607.5439089478655
607.5439089478655
607.5439089478655
607.5439089478655
607.5439089478655
607.5439089478655
607.5439089478655
607.5439089478655
607.5439089478655
607.5439089478655
607.5439089478655
607.5439089478655
607.5439089478655
607.5439089478655
607.5439089478655
607.5439089478655
607.5439089478655
607.5439089478655
607.5439089478655
607.5439089478655
607.5439089478655
607.5439089478655
607.5439089478655
607.5439089478655
607.5439089478655
607.5439089478655
607.5439089478655
607.5439089478655
607.5439089478655
607.5439089478655
607.5439089478655
607.5439089478655
607.5439089478655
607.5439089478655
607.5439089478655
607.5439089478655
607.5439089478655
607.5439089478655
607.5439089478655
607.5439089478655
607.5439089478655
607.5439089478655
607.5439089478655
607.5439089478655
607.5439089478655
607.5439089478655
607.5439089478655
607.5439089478655
607.5439089478655
607.5439089478655
607.5439089478655
607.5439089478655
607.5439089478655
607.5439089478655
607.5439089478655
607.5439089478655
607.5439089478655
607.5439089478655
607.5439089478655
607.5439089478655
607.5439089478655
607.5439089478655
607.5439089478655
607.5439089478655
607.5439089478655
607.5439089478655
607.5439089478655
607.5439089478655
607.5439089478655
607.5439089478655
603.2119344784427
603.2119344784427
603.2119344784427
603.2119344784427
603.2119344784427
603.2119344784427
603.2119344784427
603.2119344784427
603.2119344784427
603.2119344784427
603.2119344784427
603.2119344784427
603.2119344784427
603.2119344784427
603.2119344784427
603.2119344784427
603.2119344784427
603.2119344784427
603.2119344784427
603.2119344784427
603.2119344784427
603.2119344784427
603.2119344784427
603.2119344784427
603.2119344784427
603.2119344784427
603.2119344784427
603.2119344784427
603.2119344784427
603.2119344784427
603.2119344784427
603.2119344784427
603.2119344784427
603.2119344784427
603.2119344784427
603.2119344784427
601.3331419735587
601.3331419735587
601.3331419735587
601.3331419735587
601.3331419735587
601.3331419735587
601.3331419735587
601.3331419735587
601.3331419735587
601.3331419735587
601.3331419735587
601.3331419735587
601.3331419735587
601.3331419735587
601.3331419735587
601.3331419735587
601.3331419735587
601.3331419735587
601.3331419735587
601.3331419735587
601.3331419735587
601.3331419735587
601.3331419735587
601.3331419735587
601.3331419735587
601.3331419735587
601.3331419735587
601.3331419735587
601.3331419735587
601.3331419735587
601.3331419735587
601.3331419735587
601.3331419735587
601.3331419735587
601.3331419735587
601.3331419735587
601.3331419735587
601.3331419735587
601.3331419735587
601.3331419735587
601.3331419735587
601.3331419735587
601.3331419735587
601.3331419735587
601.3331419735587
601.3331419735587
601.3331419735587
601.3331419735587
601.3331419735587
601.3331419735587
601.3331419735587
601.3331419735587
601.3331419735587
601.3331419735587
601.3331419735587
601.3331419735587
601.3331419735587
601.3331419735587
601.3331419735587
601.3331419735587
601.3331419735587
601.3331419735587
601.3331419735587
601.3331419735587
601.3331419735587
601.3331419735587
601.3331419735587
601.3331419735587
601.3331419735587
601.3331419735587
601.3331419735587
601.3331419735587
601.3331419735587
601.3331419735587
601.3331419735587
601.3331419735587
601.3331419735587
601.3331419735587
601.3331419735587
601.3331419735587
601.3331419735587
601.3331419735587
601.3331419735587
601.3331419735587
601.3331419735587
601.3331419735587
601.3331419735587
601.3331419735587
601.3331419735587
601.3331419735587
601.3331419735587
601.3331419735587
601.3331419735587
601.3331419735587
601.3331419735587
601.3331419735587
601.3331419735587
601.3331419735587
601.3331419735587
601.3331419735587
601.3331419735587
601.3331419735587
601.3331419735587
601.3331419735587
601.3331419735587
601.3331419735587
601.3331419735587
601.3331419735587
601.3331419735587
601.3331419735587
601.3331419735587
601.3331419735587
601.3331419735587
601.3331419735587
601.3331419735587
601.3331419735587
601.3331419735587
601.3331419735587
601.3331419735587
601.3331419735587
601.3331419735587
601.3331419735587
601.3331419735587
601.3331419735587
601.3331419735587
601.3331419735587
601.3331419735587
601.3331419735587
601.3331419735587
601.3331419735587
601.3331419735587
601.3331419735587
601.3331419735587
601.3331419735587
601.3331419735587
601.3331419735587
601.3331419735587
601.3331419735587
601.3331419735587
601.3331419735587
601.3331419735587
601.3331419735587
601.3331419735587
601.3331419735587
601.3331419735587
601.3331419735587
601.3331419735587
601.3331419735587
opt: 524