1148.1311755406657
1120.7310952481027
1076.3481518003175
1076.3481518003175
1041.1245097772326
1041.1245097772326
1041.1245097772326
1041.1245097772326
1003.3017557533229
1003.3017557533229
1003.3017557533229
1003.3017557533229
1003.3017557533229
1003.3017557533229
997.3541535136529
989.4640994773065
989.4640994773065
989.4640994773065
989.4640994773065
989.4640994773065
989.4640994773065
989.4640994773065
989.4640994773065
989.4640994773065
989.4640994773065
989.4640994773065
988.2833705961758
988.2833705961758
988.2833705961758
988.2833705961758
988.2833705961758
988.2833705961758
988.2833705961758
988.2833705961758
988.2833705961758
982.5461361045736
982.5461361045736
982.5461361045736
982.5461361045736
982.5461361045736
982.5461361045736
982.5461361045736
982.5461361045736
982.5461361045736
982.5461361045736
982.5461361045736
982.5461361045736
982.5461361045736
982.5461361045736
982.5461361045736
982.5461361045736
982.5461361045736
982.5461361045736
982.5461361045736
982.5461361045736
982.5461361045736
982.5461361045736
982.5461361045736
982.5461361045736
982.5461361045736
982.5461361045736
982.5461361045736
982.5461361045736
982.5461361045736
982.5461361045736
982.5461361045736
982.5461361045736
982.5461361045736
982.5461361045736
982.5461361045736
982.5461361045736
982.5461361045736
982.5461361045736
982.5461361045736
982.5461361045736
982.5461361045736
982.5461361045736
982.5461361045736
982.5461361045736
982.5461361045736
982.5461361045736
982.5461361045736
982.5461361045736
982.5461361045736
982.5461361045736
982.5461361045736
982.5461361045736
982.5461361045736
982.5461361045736
982.5461361045736
982.5461361045736
982.5461361045736
982.5461361045736
982.5461361045736
982.5461361045736
982.5461361045736
982.5461361045736
982.5461361045736
982.5461361045736
982.5461361045736
982.5461361045736
982.5461361045736
982.5461361045736
982.5461361045736
982.5461361045736
982.5461361045736
982.5461361045736
982.5461361045736
982.5461361045736
982.5461361045736
982.5461361045736
982.5461361045736
982.5461361045736
982.5461361045736
982.5461361045736
982.5461361045736
982.5461361045736
982.5461361045736
982.5461361045736
982.5461361045736
982.5461361045736
982.5461361045736
982.5461361045736
982.5461361045736
982.5461361045736
982.5461361045736
982.5461361045736
982.5461361045736
982.5461361045736
982.5461361045736
982.5461361045736
982.5461361045736
982.5461361045736
982.5461361045736
982.5461361045736
982.5461361045736
982.5461361045736
982.5461361045736
982.5461361045736
982.5461361045736
982.5461361045736
982.5461361045736
982.5461361045736
982.5461361045736
982.5461361045736
982.5461361045736
982.5461361045736
982.5461361045736
982.5461361045736
982.5461361045736
982.5461361045736
982.5461361045736
982.5461361045736
982.5461361045736
982.5461361045736
982.5461361045736
982.5461361045736
982.5461361045736
982.5461361045736
982.5461361045736
982.5461361045736
982.5461361045736
982.5461361045736
982.5461361045736
982.5461361045736
982.5461361045736
982.5461361045736
982.5461361045736
982.5461361045736
982.5461361045736
982.5461361045736
982.5461361045736
982.5461361045736
982.5461361045736
982.5461361045736
982.5461361045736
982.5461361045736
982.5461361045736
982.5461361045736
982.5461361045736
982.5461361045736
982.5461361045736
982.5461361045736
982.5461361045736
982.5461361045736
982.5461361045736
982.5461361045736
982.5461361045736
982.5461361045736
982.5461361045736
982.5461361045736
982.5461361045736
982.5461361045736
982.5461361045736
971.8367024851112
971.8367024851112
971.8367024851112
971.8367024851112
971.8367024851112
971.8367024851112
971.8367024851112
971.8367024851112
971.8367024851112
971.8367024851112
971.8367024851112
971.8367024851112
971.8367024851112
971.8367024851112
971.8367024851112
971.8367024851112
971.8367024851112
971.8367024851112
971.8367024851112
971.8367024851112
971.8367024851112
971.8367024851112
971.8367024851112
971.8367024851112
971.8367024851112
971.8367024851112
971.8367024851112
971.8367024851112
971.8367024851112
971.8367024851112
971.8367024851112
971.8367024851112
971.8367024851112
971.8367024851112
971.8367024851112
971.8367024851112
971.8367024851112
971.8367024851112
971.8367024851112
971.8367024851112
971.8367024851112
971.8367024851112
971.8367024851112
971.8367024851112
971.8367024851112
971.8367024851112
971.8367024851112
971.8367024851112
971.8367024851112
971.8367024851112
971.8367024851112
971.8367024851112
971.8367024851112
971.8367024851112
971.8367024851112
971.8367024851112
971.8367024851112
971.8367024851112
971.8367024851112
971.8367024851112
971.8367024851112
971.8367024851112
971.8367024851112
971.8367024851112
971.8367024851112
971.8367024851112
971.8367024851112
971.8367024851112
971.8367024851112
971.8367024851112
971.8367024851112
971.8367024851112
971.8367024851112
971.8367024851112
971.8367024851112
971.8367024851112
971.8367024851112
971.8367024851112
971.8367024851112
971.8367024851112
971.8367024851112
971.8367024851112
971.8367024851112
971.8367024851112
971.8367024851112
971.8367024851112
971.8367024851112
971.8367024851112
971.8367024851112
971.8367024851112
971.8367024851112
971.8367024851112
971.8367024851112
971.8367024851112
971.8367024851112
971.8367024851112
971.8367024851112
971.8367024851112
971.8367024851112
971.8367024851112
971.8367024851112
971.8367024851112
971.8367024851112
971.8367024851112
971.8367024851112
971.8367024851112
971.8367024851112
opt: 835