1604.7563644441495
1532.6621792741878
1448.4243298116046
1417.8446102065006
1409.7251025847647
1398.2969654603216
1398.2969654603216
1398.2969654603216
1383.449954372666
1383.449954372666
1383.449954372666
1383.449954372666
1338.971188343226
1338.971188343226
1338.971188343226
1338.971188343226
1338.971188343226
1338.971188343226
1338.971188343226
1338.971188343226
1338.971188343226
1338.971188343226
1338.971188343226
1338.971188343226
1338.971188343226
1338.971188343226
1338.971188343226
1338.971188343226
1338.971188343226
1338.971188343226
1334.9902275529157
1334.9902275529157
1334.9902275529157
1334.9902275529157
1334.9902275529157
1334.9902275529157
1334.9902275529157
1334.9902275529157
1334.9902275529157
1334.9902275529157
1334.9902275529157
1334.9902275529157
1334.9902275529157
1334.9902275529157
1334.9902275529157
1334.9902275529157
1316.307403570173
1316.307403570173
1316.307403570173
1316.307403570173
1316.307403570173
1316.307403570173
1316.307403570173
1316.307403570173
1316.307403570173
1316.307403570173
1316.307403570173
1316.307403570173
1316.307403570173
1316.307403570173
1316.307403570173
1316.307403570173
1316.307403570173
1316.307403570173
1316.307403570173
1316.307403570173
1316.307403570173
1316.307403570173
1316.307403570173
1316.307403570173
1316.307403570173
1316.307403570173
1316.307403570173
1316.307403570173
1316.307403570173
1316.307403570173
1316.307403570173
1316.307403570173
1316.307403570173
1316.307403570173
1316.307403570173
1316.307403570173
1316.307403570173
1316.307403570173
1316.307403570173
1316.307403570173
1316.307403570173
1316.307403570173
1316.307403570173
1316.307403570173
1316.307403570173
1316.307403570173
1316.307403570173
1316.307403570173
1316.307403570173
1316.307403570173
1316.307403570173
1316.307403570173
1316.307403570173
1316.307403570173
1316.307403570173
1316.307403570173
1316.307403570173
1316.307403570173
1316.307403570173
1316.307403570173
1316.307403570173
1316.307403570173
1316.307403570173
1316.307403570173
1316.307403570173
1316.307403570173
1316.307403570173
1316.307403570173
1316.307403570173
1316.307403570173
1316.307403570173
1316.307403570173
1316.307403570173
1316.307403570173
1316.307403570173
1316.307403570173
1316.307403570173
1316.307403570173
1316.307403570173
1316.307403570173
1316.307403570173
1316.307403570173
1316.307403570173
1316.307403570173
1316.307403570173
1316.307403570173
1316.307403570173
1316.307403570173
1316.307403570173
1316.307403570173
1316.307403570173
1316.307403570173
1316.307403570173
1316.307403570173
1316.307403570173
1316.307403570173
1316.307403570173
1316.307403570173
1316.307403570173
1316.307403570173
1316.307403570173
1316.307403570173
1316.307403570173
1316.307403570173
1316.307403570173
1316.307403570173
1316.307403570173
1316.307403570173
1316.307403570173
1316.307403570173
1316.307403570173
1316.307403570173
1297.6175542015656
1297.6175542015656
1297.6175542015656
1297.6175542015656
1297.6175542015656
1297.6175542015656
1297.6175542015656
1297.6175542015656
1297.6175542015656
1297.6175542015656
1297.6175542015656
1297.6175542015656
1297.6175542015656
1297.6175542015656
1297.6175542015656
1297.6175542015656
1297.6175542015656
1297.6175542015656
1297.6175542015656
1297.6175542015656
1297.6175542015656
1297.6175542015656
1297.6175542015656
1297.6175542015656
1297.6175542015656
1297.6175542015656
1297.6175542015656
1297.6175542015656
1297.6175542015656
1297.6175542015656
1297.6175542015656
1297.6175542015656
1297.6175542015656
1297.6175542015656
1297.6175542015656
1297.6175542015656
1297.6175542015656
1297.6175542015656
1297.6175542015656
1297.6175542015656
1297.6175542015656
1297.6175542015656
1297.6175542015656
1297.6175542015656
1297.6175542015656
1297.6175542015656
1297.6175542015656
1297.6175542015656
1297.6175542015656
1297.6175542015656
1297.6175542015656
1297.6175542015656
1297.6175542015656
1297.6175542015656
1297.6175542015656
1297.6175542015656
1297.6175542015656
1297.6175542015656
1297.6175542015656
1297.6175542015656
1297.6175542015656
1297.6175542015656
1297.6175542015656
1297.6175542015656
1297.6175542015656
1297.6175542015656
1297.6175542015656
1297.6175542015656
1297.6175542015656
1297.6175542015656
1297.6175542015656
1297.6175542015656
1297.6175542015656
1297.6175542015656
1297.6175542015656
1297.6175542015656
1297.6175542015656
1297.6175542015656
1297.6175542015656
1297.6175542015656
1297.6175542015656
1297.6175542015656
1297.6175542015656
1297.6175542015656
1297.6175542015656
1297.6175542015656
1297.6175542015656
1297.6175542015656
1297.6175542015656
1297.6175542015656
1297.6175542015656
1297.6175542015656
1297.6175542015656
1297.6175542015656
1297.6175542015656
1297.6175542015656
1297.6175542015656
1297.6175542015656
1297.6175542015656
1297.6175542015656
1297.6175542015656
1297.6175542015656
1297.6175542015656
1297.6175542015656
1297.6175542015656
1297.6175542015656
1297.6175542015656
1297.6175542015656
1297.6175542015656
1297.6175542015656
1297.6175542015656
1297.6175542015656
1297.6175542015656
1297.6175542015656
1297.6175542015656
1297.6175542015656
1297.6175542015656
1297.6175542015656
1297.6175542015656
1297.6175542015656
1297.6175542015656
1297.6175542015656
1297.6175542015656
1297.6175542015656
1297.6175542015656
1297.6175542015656
1297.6175542015656
1297.6175542015656
1297.6175542015656
1297.6175542015656
1297.6175542015656
1297.6175542015656
1297.6175542015656
1297.6175542015656
1297.6175542015656
1297.6175542015656
1297.6175542015656
1297.6175542015656
1297.6175542015656
1297.6175542015656
1297.6175542015656
1297.6175542015656
1297.6175542015656
opt: 1028